-----------chi27.31349
after evaluateError H_  3.5256e+08  7.24356e+06 -5.45132e+07 -6.33261e+07   9.0765e+08  1.50419e+08 -1.22724e+07      -105245
 7.24356e+06  3.33677e+08  2.60521e+07 -8.16612e+08  3.92332e+07  2.15162e+07 -2.93888e+07      -216884
-5.45132e+07  2.60521e+07  8.19248e+07 -1.13508e+08 -2.16068e+07  2.40929e+07  1.92337e+07       150694
-6.33261e+07 -8.16612e+08 -1.13508e+08  4.19283e+09 -3.42561e+08 -8.65503e+07  5.27675e+07       350921
  9.0765e+08  3.92332e+07 -2.16068e+07 -3.42561e+08   4.2964e+09  4.69811e+08 -4.72411e+07      -320960
 1.50419e+08  2.15162e+07  2.40929e+07 -8.65503e+07  4.69811e+08  1.91057e+09  5.80697e+06      24254.9
-1.22724e+07 -2.93888e+07  1.92337e+07  5.27675e+07 -4.72411e+07  5.80697e+06  1.10512e+08       679156
     -105245      -216884       150694       350921      -320960      24254.9       679156         4960
after evaluateError g_  2416.15  -5387.63  -1592.16   12896.3   5342.94  -723.164  -41.4578 -0.540619
after solve H_  3.5256e+08  7.24356e+06 -5.45132e+07 -6.33261e+07   9.0765e+08  1.50419e+08 -1.22724e+07      -105245
 7.24356e+06  3.33677e+08  2.60521e+07 -8.16612e+08  3.92332e+07  2.15162e+07 -2.93888e+07      -216884
-5.45132e+07  2.60521e+07  8.19248e+07 -1.13508e+08 -2.16068e+07  2.40929e+07  1.92337e+07       150694
-6.33261e+07 -8.16612e+08 -1.13508e+08  4.19283e+09 -3.42561e+08 -8.65503e+07  5.27675e+07       350921
  9.0765e+08  3.92332e+07 -2.16068e+07 -3.42561e+08   4.2964e+09  4.69811e+08 -4.72411e+07      -320960
 1.50419e+08  2.15162e+07  2.40929e+07 -8.65503e+07  4.69811e+08  1.91057e+09  5.80697e+06      24254.9
-1.22724e+07 -2.93888e+07  1.92337e+07  5.27675e+07 -4.72411e+07  5.80697e+06  1.10512e+08       679156
     -105245      -216884       150694       350921      -320960      24254.9       679156         4960
after solve g_  2416.15  -5387.63  -1592.16   12896.3   5342.94  -723.164  -41.4578 -0.540619
after solve dx_ 4.70054e-06 -1.63331e-05 -1.05686e-05 -2.73351e-07  3.56536e-07 -5.28114e-07  9.43534e-07 -0.000486552
dx:  4.70054e-06 -1.63331e-05 -1.05686e-05 -2.73351e-07  3.56536e-07 -5.28114e-07
-----------chi214.4154
after evaluateError H_ 9.28895e+08 -1.49199e+07 -1.00788e+08 -6.53967e+07   2.4706e+09   3.4564e+08  5.59497e+06      53361.2
-1.49199e+07  1.05398e+09  9.29679e+07 -2.40579e+09  1.12412e+07  7.35925e+07 -3.12775e+07      -224482
-1.00788e+08  9.29679e+07  2.15282e+08 -3.04626e+08  3.19248e+07  5.41554e+07  1.59344e+07       107782
-6.53967e+07 -2.40579e+09 -3.04626e+08   1.1398e+10 -4.70904e+08 -7.72339e+07  2.58345e+07       122573
  2.4706e+09  1.12412e+07  3.19248e+07 -4.70904e+08  1.21018e+10  1.10467e+09  -5.2832e+06       9518.6
  3.4564e+08  7.35925e+07  5.41554e+07 -7.72339e+07  1.10467e+09  5.31838e+09  2.12257e+07        94820
 5.59497e+06 -3.12775e+07  1.59344e+07  2.58345e+07  -5.2832e+06  2.12257e+07  1.12206e+08       679957
     53361.2      -224482       107782       122573       9518.6        94820       679957         4960
after evaluateError g_     388920      308225      261841     -758541 1.35294e+06     -732630     10473.3    -243.601
after solve H_ 9.28895e+08 -1.49199e+07 -1.00788e+08 -6.53967e+07   2.4706e+09   3.4564e+08  5.59497e+06      53361.2
-1.49199e+07  1.05398e+09  9.29679e+07 -2.40579e+09  1.12412e+07  7.35925e+07 -3.12775e+07      -224482
-1.00788e+08  9.29679e+07  2.15282e+08 -3.04626e+08  3.19248e+07  5.41554e+07  1.59344e+07       107782
-6.53967e+07 -2.40579e+09 -3.04626e+08   1.1398e+10 -4.70904e+08 -7.72339e+07  2.58345e+07       122573
  2.4706e+09  1.12412e+07  3.19248e+07 -4.70904e+08  1.21018e+10  1.10467e+09  -5.2832e+06       9518.6
  3.4564e+08  7.35925e+07  5.41554e+07 -7.72339e+07  1.10467e+09  5.31838e+09  2.12257e+07        94820
 5.59497e+06 -3.12775e+07  1.59344e+07  2.58345e+07  -5.2832e+06  2.12257e+07  1.12206e+08       679957
     53361.2      -224482       107782       122573       9518.6        94820       679957         4960
after solve g_     388920      308225      261841     -758541 1.35294e+06     -732630     10473.3    -243.601
after solve dx_ 0.000741532  0.000209858   0.00158344  2.09637e-05 -2.33567e-05  -0.00020206   0.00235539    -0.401508
dx:  0.000741532  0.000209858   0.00158344  2.09637e-05 -2.33567e-05  -0.00020206
-----------chi215.1822
after evaluateError H_ 9.28895e+08 -1.49199e+07 -1.00788e+08 -6.53967e+07   2.4706e+09   3.4564e+08  5.59497e+06      53361.2
-1.49199e+07  1.05398e+09  9.29679e+07 -2.40579e+09  1.12412e+07  7.35925e+07 -3.12775e+07      -224482
-1.00788e+08  9.29679e+07  2.15282e+08 -3.04626e+08  3.19248e+07  5.41554e+07  1.59344e+07       107782
-6.53967e+07 -2.40579e+09 -3.04626e+08   1.1398e+10 -4.70904e+08 -7.72339e+07  2.58345e+07       122573
  2.4706e+09  1.12412e+07  3.19248e+07 -4.70904e+08  1.21018e+10  1.10467e+09  -5.2832e+06       9518.6
  3.4564e+08  7.35925e+07  5.41554e+07 -7.72339e+07  1.10467e+09  5.31838e+09  2.12257e+07        94820
 5.59497e+06 -3.12775e+07  1.59344e+07  2.58345e+07  -5.2832e+06  2.12257e+07  1.12206e+08       679957
     53361.2      -224482       107782       122573       9518.6        94820       679957         4960
after evaluateError g_-82319.6 -45164.4 -63215.8   115129  -312099 -24389.1 -4148.98  -22.704
after solve H_ 9.28895e+08 -1.49199e+07 -1.00788e+08 -6.53967e+07   2.4706e+09   3.4564e+08  5.59497e+06      53361.2
-1.49199e+07  1.05398e+09  9.29679e+07 -2.40579e+09  1.12412e+07  7.35925e+07 -3.12775e+07      -224482
-1.00788e+08  9.29679e+07  2.15282e+08 -3.04626e+08  3.19248e+07  5.41554e+07  1.59344e+07       107782
-6.53967e+07 -2.40579e+09 -3.04626e+08   1.1398e+10 -4.70904e+08 -7.72339e+07  2.58345e+07       122573
  2.4706e+09  1.12412e+07  3.19248e+07 -4.70904e+08  1.21018e+10  1.10467e+09  -5.2832e+06       9518.6
  3.4564e+08  7.35925e+07  5.41554e+07 -7.72339e+07  1.10467e+09  5.31838e+09  2.12257e+07        94820
 5.59497e+06 -3.12775e+07  1.59344e+07  2.58345e+07  -5.2832e+06  2.12257e+07  1.12206e+08       679957
     53361.2      -224482       107782       122573       9518.6        94820       679957         4960
after solve g_-82319.6 -45164.4 -63215.8   115129  -312099 -24389.1 -4148.98  -22.704
after solve dx_-0.000137829 -2.56551e-05 -0.000358769 -5.54466e-06  2.36185e-06  7.81678e-06 -4.57819e-05   0.00979964
dx: -0.000137829 -2.56551e-05 -0.000358769 -5.54466e-06  2.36185e-06  7.81678e-06
-----------chi214.945
after evaluateError H_ 9.28895e+08 -1.49199e+07 -1.00788e+08 -6.53967e+07   2.4706e+09   3.4564e+08  5.59497e+06      53361.2
-1.49199e+07  1.05398e+09  9.29679e+07 -2.40579e+09  1.12412e+07  7.35925e+07 -3.12775e+07      -224482
-1.00788e+08  9.29679e+07  2.15282e+08 -3.04626e+08  3.19248e+07  5.41554e+07  1.59344e+07       107782
-6.53967e+07 -2.40579e+09 -3.04626e+08   1.1398e+10 -4.70904e+08 -7.72339e+07  2.58345e+07       122573
  2.4706e+09  1.12412e+07  3.19248e+07 -4.70904e+08  1.21018e+10  1.10467e+09  -5.2832e+06       9518.6
  3.4564e+08  7.35925e+07  5.41554e+07 -7.72339e+07  1.10467e+09  5.31838e+09  2.12257e+07        94820
 5.59497e+06 -3.12775e+07  1.59344e+07  2.58345e+07  -5.2832e+06  2.12257e+07  1.12206e+08       679957
     53361.2      -224482       107782       122573       9518.6        94820       679957         4960
after evaluateError g_ 15520.8  5407.61  14246.3 -14134.2  64056.5  13671.7  1022.87  4.45716
after solve H_ 9.28895e+08 -1.49199e+07 -1.00788e+08 -6.53967e+07   2.4706e+09   3.4564e+08  5.59497e+06      53361.2
-1.49199e+07  1.05398e+09  9.29679e+07 -2.40579e+09  1.12412e+07  7.35925e+07 -3.12775e+07      -224482
-1.00788e+08  9.29679e+07  2.15282e+08 -3.04626e+08  3.19248e+07  5.41554e+07  1.59344e+07       107782
-6.53967e+07 -2.40579e+09 -3.04626e+08   1.1398e+10 -4.70904e+08 -7.72339e+07  2.58345e+07       122573
  2.4706e+09  1.12412e+07  3.19248e+07 -4.70904e+08  1.21018e+10  1.10467e+09  -5.2832e+06       9518.6
  3.4564e+08  7.35925e+07  5.41554e+07 -7.72339e+07  1.10467e+09  5.31838e+09  2.12257e+07        94820
 5.59497e+06 -3.12775e+07  1.59344e+07  2.58345e+07  -5.2832e+06  2.12257e+07  1.12206e+08       679957
     53361.2      -224482       107782       122573       9518.6        94820       679957         4960
after solve g_ 15520.8  5407.61  14246.3 -14134.2  64056.5  13671.7  1022.87  4.45716
after solve dx_ 2.61005e-05  1.11093e-06   8.0182e-05  1.27696e-06 -1.95754e-07  9.29148e-08  1.84711e-05  -0.00363941
dx:  2.61005e-05  1.11093e-06   8.0182e-05  1.27696e-06 -1.95754e-07  9.29148e-08
-----------chi214.994
after evaluateError H_ 9.28895e+08 -1.49199e+07 -1.00788e+08 -6.53967e+07   2.4706e+09   3.4564e+08  5.59497e+06      53361.2
-1.49199e+07  1.05398e+09  9.29679e+07 -2.40579e+09  1.12412e+07  7.35925e+07 -3.12775e+07      -224482
-1.00788e+08  9.29679e+07  2.15282e+08 -3.04626e+08  3.19248e+07  5.41554e+07  1.59344e+07       107782
-6.53967e+07 -2.40579e+09 -3.04626e+08   1.1398e+10 -4.70904e+08 -7.72339e+07  2.58345e+07       122573
  2.4706e+09  1.12412e+07  3.19248e+07 -4.70904e+08  1.21018e+10  1.10467e+09  -5.2832e+06       9518.6
  3.4564e+08  7.35925e+07  5.41554e+07 -7.72339e+07  1.10467e+09  5.31838e+09  2.12257e+07        94820
 5.59497e+06 -3.12775e+07  1.59344e+07  2.58345e+07  -5.2832e+06  2.12257e+07  1.12206e+08       679957
     53361.2      -224482       107782       122573       9518.6        94820       679957         4960
after evaluateError g_ -2706.51  -420.826  -3188.67   1360.43  -12385.7  -3138.11  -193.929 -0.766256
after solve H_ 9.28895e+08 -1.49199e+07 -1.00788e+08 -6.53967e+07   2.4706e+09   3.4564e+08  5.59497e+06      53361.2
-1.49199e+07  1.05398e+09  9.29679e+07 -2.40579e+09  1.12412e+07  7.35925e+07 -3.12775e+07      -224482
-1.00788e+08  9.29679e+07  2.15282e+08 -3.04626e+08  3.19248e+07  5.41554e+07  1.59344e+07       107782
-6.53967e+07 -2.40579e+09 -3.04626e+08   1.1398e+10 -4.70904e+08 -7.72339e+07  2.58345e+07       122573
  2.4706e+09  1.12412e+07  3.19248e+07 -4.70904e+08  1.21018e+10  1.10467e+09  -5.2832e+06       9518.6
  3.4564e+08  7.35925e+07  5.41554e+07 -7.72339e+07  1.10467e+09  5.31838e+09  2.12257e+07        94820
 5.59497e+06 -3.12775e+07  1.59344e+07  2.58345e+07  -5.2832e+06  2.12257e+07  1.12206e+08       679957
     53361.2      -224482       107782       122573       9518.6        94820       679957         4960
after solve g_ -2706.51  -420.826  -3188.67   1360.43  -12385.7  -3138.11  -193.929 -0.766256
after solve dx_-4.89956e-06  5.75058e-07 -1.78443e-05 -2.64568e-07  2.03485e-08 -1.05725e-07 -3.84118e-06  0.000847113
dx: -4.89956e-06  5.75058e-07 -1.78443e-05 -2.64568e-07  2.03485e-08 -1.05725e-07